30 50
41 35 38 9 9 41 23 46 19 11 23 13 47 3 22 24 39 32 35 16 25 1 1 4 12 26 43 21 23 18 19 0 40 1 15 8 46 2 26 30 19 34 41 8 48 1 26 29 12 23 
9 5 30 18 40 11 13 23 46 35 20 23 45 16 12 42 45 16 10 21 11 8 4 25 40 38 15 46 45 38 37 23 10 9 1 20 8 20 43 27 18 37 18 3 35 39 15 41 31 3 
17 0 2 49 47 0 22 22 45 45 14 33 32 16 34 12 25 16 10 38 26 31 34 40 48 21 37 7 1 14 24 8 18 31 22 28 33 33 20 17 37 18 35 22 6 28 35 10 5 39 
0 44 8 26 49 29 32 36 20 26 37 2 38 43 27 9 7 9 20 28 33 20 36 29 7 44 43 32 23 8 12 35 1 13 4 10 41 27 2 48 17 37 38 25 7 4 45 49 30 38 
20 31 43 43 8 37 30 30 2 13 20 11 48 45 15 16 13 45 29 19 25 41 26 5 42 32 27 7 16 15 25 0 24 3 31 4 44 11 36 7 33 49 32 15 44 38 26 20 31 22 
21 20 32 23 45 44 41 47 46 19 23 48 26 15 28 31 41 5 23 16 3 46 41 14 28 46 36 11 36 14 34 44 19 43 21 48 36 26 20 27 7 33 41 35 35 25 33 14 37 21 
2 13 45 48 21 43 29 21 37 38 29 7 37 22 9 3 36 14 47 37 23 19 6 39 16 22 0 40 34 12 45 27 26 22 40 21 31 34 21 26 31 23 35 11 14 47 43 19 26 1 
36 20 13 3 19 1 5 36 20 23 16 45 25 21 14 25 16 27 44 25 21 49 45 47 20 24 26 39 39 33 15 9 15 2 15 48 20 49 2 46 26 7 36 34 36 17 45 17 16 10 
30 22 13 16 26 19 15 16 27 28 14 3 48 26 43 17 8 39 3 18 46 34 12 46 28 36 0 3 18 21 12 21 34 38 11 4 49 11 12 6 47 23 48 24 16 27 26 49 15 5 
6 48 47 44 27 12 31 27 26 32 10 19 47 14 20 48 13 12 13 22 42 37 0 45 22 46 12 19 6 18 14 0 1 45 22 47 45 17 24 22 35 48 1 24 46 43 29 6 1 8 
38 29 32 1 48 40 19 35 39 37 21 47 6 28 44 38 30 11 26 36 12 20 15 29 32 9 27 33 42 12 20 12 19 36 7 48 6 5 31 34 25 7 9 34 35 0 21 6 4 10 
48 4 39 42 20 40 32 24 30 15 49 10 46 32 43 10 24 28 15 41 38 47 1 39 8 23 35 7 3 19 15 2 49 5 11 24 16 14 22 0 42 5 8 35 42 27 3 14 25 26 
38 32 32 38 43 2 38 47 45 19 6 13 31 22 4 13 32 30 25 43 47 28 46 1 10 5 1 46 15 20 17 2 15 41 7 36 0 39 15 45 34 49 47 43 1 46 35 2 22 17 
46 13 26 26 28 12 11 48 11 39 41 13 35 12 5 21 20 10 42 28 10 23 35 4 45 5 23 49 45 32 4 8 8 6 34 43 39 28 16 3 34 26 43 38 3 23 47 22 45 30 
18 38 1 23 33 24 29 29 32 16 23 2 41 48 31 34 39 2 27 43 30 38 22 29 43 3 6 14 48 41 3 4 47 16 24 9 28 38 30 29 38 27 37 31 9 29 26 45 12 25 
40 23 2 14 33 25 22 42 12 7 27 0 2 24 23 22 7 13 14 5 12 42 40 39 4 37 17 40 39 13 38 42 8 15 39 22 20 10 36 38 39 6 26 4 27 5 47 43 32 19 
28 49 20 23 47 5 27 46 3 13 32 10 36 14 11 26 38 32 21 14 26 30 5 4 42 44 30 31 43 44 9 35 44 33 47 0 7 23 3 1 27 8 33 46 35 44 43 30 18 3 
17 26 10 7 6 47 47 48 34 2 48 35 2 1 27 36 37 17 6 18 15 34 41 15 18 15 6 17 48 19 42 32 48 0 34 0 43 49 38 33 17 27 16 39 18 15 18 44 1 6 
43 11 9 41 33 15 12 20 26 41 21 7 10 16 9 27 30 49 42 46 3 31 16 30 44 39 33 21 30 11 27 18 20 0 0 29 24 4 21 10 29 40 0 43 49 7 20 2 18 10 
36 41 35 35 11 40 21 27 22 24 2 12 5 27 14 28 14 36 0 38 20 43 6 48 12 15 25 45 9 26 49 16 0 25 3 14 35 41 24 30 27 9 46 6 27 37 44 15 13 21 
10 34 32 25 39 41 12 11 30 17 25 45 44 10 46 28 48 16 16 33 8 44 1 18 29 10 12 29 17 48 5 14 7 39 43 39 1 11 6 22 25 40 44 17 48 30 0 30 5 18 
34 39 30 18 34 29 29 2 14 48 0 34 2 31 1 25 23 29 40 10 14 45 19 7 47 32 31 45 34 47 46 41 49 33 43 25 13 5 45 42 2 30 16 15 26 5 14 29 8 49 
43 32 25 30 4 22 44 1 2 48 42 16 2 35 23 26 3 33 22 12 3 48 29 27 44 6 17 44 20 14 32 18 3 19 20 27 2 35 44 37 12 45 29 13 44 11 30 2 41 23 
16 6 16 14 43 32 42 3 48 6 37 22 14 46 24 40 37 7 38 8 37 39 36 4 33 10 1 42 46 25 16 35 9 24 23 20 12 35 49 15 39 16 4 38 17 9 31 10 25 30 
32 11 33 29 23 6 23 8 42 8 10 0 3 40 2 28 40 0 16 36 39 7 45 9 37 45 41 38 40 36 34 24 5 14 36 12 29 6 21 2 44 26 28 19 9 19 11 12 16 36 
5 15 2 43 35 2 39 1 49 1 26 38 10 35 26 13 20 48 49 9 46 16 24 49 40 40 43 12 16 27 29 20 24 25 7 32 25 31 42 10 21 49 3 49 3 48 32 12 4 49 
37 26 14 2 7 13 48 12 24 44 29 41 0 42 34 23 43 43 35 20 32 5 35 42 10 43 5 0 22 15 24 32 38 31 42 20 40 14 6 17 28 10 30 43 19 32 47 35 42 22 
46 31 0 13 35 20 42 10 48 31 13 1 18 15 22 14 12 15 15 45 16 7 20 22 13 25 35 2 6 39 42 14 21 26 35 23 31 14 18 0 6 35 20 29 49 4 12 38 37 38 
25 39 10 7 7 19 22 15 23 39 3 33 8 20 12 38 9 49 31 24 49 38 8 42 9 34 39 7 9 12 33 4 43 45 22 24 2 32 16 12 26 46 28 20 40 40 10 39 20 5 
42 33 21 30 26 35 41 30 1 1 20 41 45 18 28 5 3 6 27 23 19 0 3 16 23 4 35 1 15 1 27 13 38 1 23 44 22 49 31 9 34 35 8 39 33 24 33 21 31 49 
50 20
28 48 37 17 31 39 10 9 42 21 33 0 26 8 41 0 21 43 46 27 
2 28 32 45 47 36 25 12 15 11 3 9 41 8 44 36 46 33 9 14 
38 39 28 47 4 18 39 25 23 46 42 22 21 16 44 1 46 36 13 32 
43 33 0 4 40 0 28 18 21 45 43 48 20 10 6 10 6 17 17 44 
22 25 28 19 41 18 12 43 27 3 39 18 5 41 31 10 44 13 41 14 
44 30 44 31 45 10 41 39 17 8 30 5 11 25 26 31 41 36 17 48 
0 3 9 41 16 19 39 39 29 0 21 35 21 26 49 31 44 38 25 41 
30 1 11 16 45 19 37 25 9 40 13 47 46 39 15 4 30 27 18 37 
6 5 3 38 49 14 43 39 22 6 46 21 28 11 9 14 15 11 44 24 
2 40 46 40 10 32 42 38 26 39 43 24 0 38 19 12 19 33 6 33 
23 39 25 45 20 35 42 12 43 31 33 36 24 40 38 47 4 41 30 19 
6 36 19 36 6 4 36 0 8 37 38 25 48 4 48 25 20 39 41 42 
47 4 19 5 14 26 13 26 36 42 47 17 32 15 38 14 29 46 21 15 
5 27 37 47 26 32 37 12 15 18 36 2 19 33 32 46 6 10 7 0 
19 20 29 47 2 17 19 17 12 10 2 5 4 26 31 4 38 45 6 28 
35 7 23 13 36 35 38 27 22 48 44 1 41 5 26 34 43 40 16 27 
40 33 11 8 4 40 1 33 43 31 9 13 18 39 14 15 24 19 13 16 
6 10 25 9 43 40 6 21 1 0 17 42 23 30 8 44 16 0 5 44 
38 37 42 11 39 40 19 18 11 21 5 6 17 41 4 27 47 10 33 2 
16 38 40 33 42 43 7 22 5 34 39 49 30 6 23 33 17 0 32 1 
33 7 23 7 29 16 29 13 27 31 39 41 36 39 2 40 19 13 33 21 
44 17 25 30 47 41 31 0 44 2 27 30 33 24 27 15 46 22 36 4 
32 10 21 8 46 18 19 37 21 36 44 5 46 10 41 38 42 40 46 28 
16 23 13 9 27 7 8 11 25 39 5 49 39 3 23 23 7 15 22 4 
36 29 15 10 18 29 41 29 10 14 11 9 26 20 12 7 44 26 7 18 
18 43 36 45 24 11 24 28 38 34 11 40 24 43 20 22 35 29 49 11 
34 16 40 3 4 43 29 19 48 42 48 40 14 21 9 42 45 41 35 1 
48 27 31 12 37 14 16 17 2 13 37 43 7 48 8 19 35 6 3 24 
10 12 19 3 28 22 34 44 47 49 14 5 19 33 12 28 4 37 39 38 
29 23 39 24 10 2 24 8 34 17 36 18 29 2 22 37 48 7 41 27 
32 36 37 41 9 23 14 44 7 21 12 48 31 37 28 22 2 19 12 6 
16 24 0 19 24 27 31 40 2 44 9 34 45 31 27 13 47 0 32 22 
20 16 1 49 17 23 18 39 12 32 45 35 44 11 26 17 24 44 13 45 
29 19 26 28 1 4 39 43 7 21 5 43 27 2 43 43 0 43 46 0 
43 19 45 35 31 1 15 18 14 37 17 27 19 44 4 44 43 10 31 10 
14 12 45 43 47 5 38 3 37 41 11 31 27 21 34 35 20 15 33 33 
3 39 13 42 43 39 49 0 2 41 4 42 41 21 41 6 45 44 19 41 
25 37 44 46 45 7 49 17 27 0 13 10 43 25 32 36 22 6 1 37 
2 24 46 21 29 44 31 6 24 33 2 1 15 9 42 11 10 6 24 31 
37 14 1 49 21 47 38 22 25 41 30 15 38 10 9 18 13 37 5 7 
29 48 17 48 21 21 3 43 19 42 47 48 15 48 9 38 37 37 13 34 
39 16 26 28 46 45 9 39 0 3 15 36 44 10 44 4 40 8 20 17 
33 19 48 42 30 46 33 30 47 22 35 10 27 17 24 43 7 6 30 8 
23 3 33 44 27 18 45 4 35 21 38 9 47 33 11 40 9 7 17 22 
10 7 32 41 28 41 26 46 37 12 38 20 20 13 25 0 45 48 15 44 
19 19 35 47 2 44 3 40 37 48 3 8 49 7 33 35 3 29 18 25 
13 9 14 9 20 1 9 10 22 38 45 16 48 8 2 47 10 38 2 40 
39 23 17 6 40 32 28 7 36 34 48 38 18 9 4 40 46 33 19 18 
21 39 47 19 22 5 47 8 40 14 21 45 12 7 34 0 33 22 10 7 
20 20 48 30 23 16 3 21 39 16 20 1 29 12 44 5 11 20 26 38 

